-0.934999465942383
-0.82499885559082
-0.714998245239258
-0.604999542236328
-0.494998931884766
-0.384998321533203
-0.274997711181641
-0.164999008178711
-0.0549983978271484
0.0550022125244141
0.165000915527344
0.275001525878906
0.385002136230469
0.495000839233398
0.605001449584961
0.715002059936523
0.825000762939453
0.935001373291016
1.04500198364258
1.15500068664551
1.26500129699707
1.37500190734863
1.48500061035156
1.59500122070312
1.70500183105469
1.81500053405762
1.92500114440918
2.03500175476074
2.14500045776367
2.25500106811523
2.3650016784668
2.47500228881836
2.58500099182129
2.69500160217285
2.80500221252441
2.91500091552734
3.02500152587891
3.13500213623047
3.2450008392334
3.35500144958496
3.46500205993652
3.57500076293945
3.68500137329102
3.79500198364258
3.90500068664551
4.01500129699707
4.12500190734863
4.23500061035156
4.34500122070312
4.45500183105469
4.56500053405762
4.67500114440918
4.78500175476074
4.89500045776367
5.00500106811523
5.1150016784668
5.22500228881836
5.33500099182129
5.44500160217285
5.55500221252441
5.66500091552734
5.77500152587891
5.88500213623047
5.9950008392334
6.10500144958496
6.21500205993652
6.32500076293945
6.43500137329102
6.54500198364258
6.65500068664551
6.76500129699707
6.87500190734863
6.98500061035156
7.09500122070312
7.20500183105469
7.31500053405762
7.42500114440918
7.53499984741211
7.64500045776367
7.75500106811523
7.8650016784668
7.97500228881836
8.08500289916992
8.19499969482422
8.30500030517578
8.41500091552734
8.52500152587891
8.63500213623047
8.74500274658203
8.85499954223633
8.96500015258789
9.07500076293945
9.18500137329102
9.29500198364258
9.40500259399414
9.5150032043457
9.625
9.73500061035156
9.84500122070312
9.95500183105469
10.0650024414062
10.1750030517578
10.2849998474121
10.3950004577637
10.5050010681152
10.6150016784668
10.7250022888184
10.8350028991699
10.9449996948242
11.0550003051758
11.1650009155273
11.2750015258789
11.3850021362305
11.495002746582
11.6049995422363
11.7150001525879
11.8250007629395
11.935001373291
12.0450019836426
12.1550025939941
12.2650032043457
12.375
12.4850006103516
12.5950012207031
12.7050018310547
12.8150024414062
12.9250030517578
13.0349998474121
