-18.2550048828125
-18.14501953125
-18.0350036621094
-17.9250183105469
-17.8150024414062
-17.7050170898438
-17.5950012207031
-17.4850158691406
-17.375
-17.2650146484375
-17.1549987792969
-17.0450134277344
-16.9349975585938
-16.8250122070312
-16.7149963378906
-16.6050109863281
-16.4949951171875
-16.385009765625
-16.2749938964844
-16.1650085449219
-16.0549926757812
-15.9450073242188
-15.8349914550781
-15.7250061035156
-15.6150207519531
-15.5050048828125
-15.39501953125
-15.2850036621094
-15.1750183105469
-15.0650024414062
-14.9550170898438
-14.8450012207031
-14.7350158691406
-14.625
-14.5150146484375
-14.4049987792969
-14.2950134277344
-14.1849975585938
-14.0750122070312
-13.9649963378906
-13.8550109863281
-13.7449951171875
-13.635009765625
-13.5249938964844
-13.4150085449219
-13.3049926757812
-13.1950073242188
-13.0850219726562
-12.9750061035156
-12.864990234375
-12.7550048828125
-12.64501953125
-12.5350036621094
-12.4250183105469
-12.3150024414062
-12.2050170898438
-12.0950012207031
-11.9850158691406
-11.875
-11.7650146484375
-11.6549987792969
-11.5450134277344
-11.4349975585938
-11.3250122070312
-11.2149963378906
-11.1050109863281
-10.9949951171875
-10.885009765625
-10.7749938964844
-10.6650085449219
-10.5549926757812
-10.4450073242188
-10.3350219726562
-10.2250061035156
-10.114990234375
-10.0050048828125
-9.89501953125
-9.78500366210938
-9.67501831054688
-9.56500244140625
-9.45501708984375
-9.34500122070312
-9.23501586914062
-9.125
-9.0150146484375
-8.90499877929688
-8.79501342773438
-8.68499755859375
-8.57501220703125
-8.46499633789062
-8.35501098632812
-8.2449951171875
-8.135009765625
-8.02499389648438
-7.91500854492188
-7.80499267578125
-7.69500732421875
-7.58502197265625
-7.47500610351562
-7.364990234375
-7.2550048828125
-7.14501953125
-7.03500366210938
-6.92501831054688
-6.81500244140625
-6.70501708984375
-6.59500122070312
-6.48501586914062
